segment_id,start_time,end_time,start_seconds,end_seconds,duration,speaker_id,text,confidence
1,00:00:00.000,00:00:05.900,0.0,5.9,5.9,SPEAKER_UNKNOWN,よいしょ僕の方で録音してるんで 後で終わったとか1時間ぐらい経った,0.444
2,00:00:05.900,00:00:09.279,5.9,9.28,3.38,SPEAKER_UNKNOWN,タイミングでちょっとそれを使って なんかいろいろやってみましょう,0.464
3,00:00:13.570,00:00:16.489,13.57,16.49,2.92,SPEAKER_UNKNOWN,うん えーとじゃあまあ人もあんまり,0.386
4,00:00:16.489,00:00:21.149,16.49,21.15,4.66,SPEAKER_UNKNOWN,来なさそうなのでもうある程度 進めちゃいましょうかとりあえず,0.49
5,00:00:21.149,00:00:27.070,21.15,27.07,5.92,SPEAKER_UNKNOWN,僕の画面を共有していく形で 進めていこうかなって思います。,0.49
6,00:00:27.070,00:00:35.649,27.07,35.65,8.58,SPEAKER_UNKNOWN,でです。 ね まあまずは今ここの画面 見せてもらってるのがスライドが,0.435
7,00:00:35.649,00:00:41.869,35.65,41.87,6.22,SPEAKER_UNKNOWN,用意されてるんです。 けどこれの スライドはAIに作らせたものです。 ね,0.484
8,00:00:43.170,00:00:50.950,43.17,50.95,7.78,SPEAKER_UNKNOWN,これをmarkdownっていう形式で出力 してもらってそれをmarkdown形式,0.432
9,00:00:50.950,00:00:54.890,50.95,54.89,3.94,SPEAKER_UNKNOWN,をうまくスライド化してくれる っていうプラグインがあるので,0.479
10,00:00:54.890,00:01:02.299,54.89,62.3,7.41,SPEAKER_UNKNOWN,それを使ってみるとこれだけコシ を1分ぐらいで作れちゃうっていう,0.447
11,00:01:02.299,00:01:07.819,62.3,67.82,5.52,SPEAKER_UNKNOWN,ものになります。 ねなのでスライド化する人にはこういう,0.486
12,00:01:07.819,00:01:13.689,67.82,73.69,5.87,SPEAKER_UNKNOWN,のがおすすめとかっていういろいろ 機能があるんです。 よで例えば,0.455
13,00:01:13.689,00:01:17.750,73.69,77.75,4.06,SPEAKER_UNKNOWN,日常的に多分スライドを作る 人っていうのはまあフリーランス,0.451
14,00:01:17.750,00:01:24.129,77.75,84.13,6.38,SPEAKER_UNKNOWN,だったら少ないかなって思うん です。 けどなんかこうちょっと,0.406
15,00:01:24.129,00:01:28.329,84.13,88.33,4.2,SPEAKER_UNKNOWN,自動化したいなとかっていうのは あります。 かね皆さんの中で,0.411
16,00:01:35.469,00:01:41.469,95.47,101.47,6.0,SPEAKER_UNKNOWN,何を自動化すればいいんだろう 普段毎日やることとか毎日パソコン,0.477
17,00:01:41.469,00:01:45.909,101.47,105.91,4.44,SPEAKER_UNKNOWN,で作業するときになんかちょっと 時間かかってるよなって思ってる,0.438
18,00:01:45.909,00:01:50.299,105.91,110.3,4.39,SPEAKER_UNKNOWN,こととかそれをこう自動化して いくのが一番早い手っ取り場合,0.428
19,00:01:50.299,00:02:01.780,110.3,121.78,11.48,SPEAKER_UNKNOWN,方法なんです。 よねおーいいです。 ね かければもうこれ自分で作ったり,0.412
20,00:02:01.780,00:02:06.530,121.78,126.53,4.75,SPEAKER_UNKNOWN,とかできる時代になってくるん です。 よね本当に一昔前だったら,0.42
21,00:02:06.530,00:02:12.969,126.53,132.97,6.44,SPEAKER_UNKNOWN,結構いろいろ知識検索して調べ てとかだったんです。 けれど今,0.418
22,00:02:12.969,00:02:17.990,132.97,137.99,5.02,SPEAKER_UNKNOWN,だったらこれは画面は変わってる のかな変わってないかちょっと,0.431
23,00:02:17.990,00:02:29.060,137.99,149.06,11.07,SPEAKER_UNKNOWN,切り替えるかよいしょそうです。 ね まあ家計法だったらおそらく,0.393
24,00:02:30.889,00:02:36.530,150.89,156.53,5.64,SPEAKER_UNKNOWN,スプレッドシートかなでこれが 今グーグル AIスタジオっていう,0.419
25,00:02:36.530,00:02:43.400,156.53,163.4,6.87,SPEAKER_UNKNOWN,ジェミニの一つの機能でジェミニ でやった方がいいかジェミニと,0.394
26,00:02:43.400,00:02:58.099,163.4,178.1,14.7,SPEAKER_UNKNOWN,ジェミニに家計法を自動化されて とアイデアをみたいな感じにする,0.371
27,00:02:58.099,00:03:04.060,178.1,184.06,5.96,SPEAKER_UNKNOWN,といろいろこういうのが出して くれるんです。 けど結局ざっくり,0.445
28,00:03:04.060,00:03:11.259,184.06,191.26,7.2,SPEAKER_UNKNOWN,ざっくバランとしたものが得ら れてで今まで使ってきたチャット,0.447
29,00:03:11.259,00:03:15.719,191.26,195.72,4.46,SPEAKER_UNKNOWN,とか皆さん軽くは使ったことある と思うんです。 けどそれより進化,0.425
30,00:03:15.719,00:03:19.900,195.72,199.9,4.18,SPEAKER_UNKNOWN,してないんじゃないかなと思われる かもしれないんです。 けれど例えば,0.433
31,00:03:19.900,00:03:24.840,199.9,204.84,4.94,SPEAKER_UNKNOWN,家計法を自動化したいけどアイデア くださいっていうところをディープ,0.412
32,00:03:24.840,00:03:28.419,204.84,208.42,3.58,SPEAKER_UNKNOWN,リサーチっていう機能があるん です。 けれどそれをするとより,0.455
33,00:03:28.419,00:03:34.020,208.42,214.02,5.6,SPEAKER_UNKNOWN,詳細に調査をしてもらってそこ から統計的に判断をしてくれる,0.471
34,00:03:34.020,00:03:38.240,214.02,218.24,4.22,SPEAKER_UNKNOWN,みたいなのが機能があるんです。 よ これ10分ぐらいかかるんです。 けど,0.428
35,00:03:38.240,00:03:44.500,218.24,224.5,6.26,SPEAKER_UNKNOWN,これ10分ぐらいかかるんです。 けどめちゃめちゃ品質の高いさまりを用意してくれて,0.423
36,00:03:44.500,00:03:47.520,224.5,227.52,3.02,SPEAKER_UNKNOWN,今家計法を自動化したいけど アイデアをくださいって言ったら,0.355
37,00:03:47.520,00:03:52.719,227.52,232.72,5.2,SPEAKER_UNKNOWN,勝手に判断してくれるんです。 よ どんな計画でやるかっていう,0.467
38,00:03:52.719,00:03:56.800,232.72,236.8,4.08,SPEAKER_UNKNOWN,まずは主要なアプリエッジアプリ を使うのか講座連携するのか,0.422
39,00:03:56.800,00:04:01.759,236.8,241.76,4.96,SPEAKER_UNKNOWN,オシアルするのかいろいろあります。 とこういうふうにどんな手順,0.437
40,00:04:01.759,00:04:05.599,241.76,245.6,3.84,SPEAKER_UNKNOWN,で調べていかなきゃいけない かなっていうのをこの一つの,0.461
41,00:04:05.599,00:04:11.520,245.6,251.52,5.92,SPEAKER_UNKNOWN,情報だけで全て組み立ててから レポートをしてくれるっていう,0.451
42,00:04:13.030,00:04:18.050,253.03,258.05,5.02,SPEAKER_UNKNOWN,一昔前は生成AIのエンジニア っていうとプロンプトエンジニア,0.462
43,00:04:18.050,00:04:23.889,258.05,263.89,5.84,SPEAKER_UNKNOWN,だったんです。 よこういう詳しい 調査をしてもらうためには例えば,0.494
44,00:04:23.889,00:04:29.730,263.89,269.73,5.84,SPEAKER_UNKNOWN,どういう情報でどういうプロンプト を書いてどういう仕組みで出力,0.452
45,00:04:29.730,00:04:32.509,269.73,272.51,2.78,SPEAKER_UNKNOWN,してくださいっていうのをやらな げゃいけなかったんです。 けど,0.455
46,00:04:32.930,00:04:38.170,272.93,278.17,5.24,SPEAKER_UNKNOWN,これだけでシーロン能力がめちゃ めちゃ高まっていろんなことできる,0.436
47,00:04:38.170,00:04:44.540,278.17,284.54,6.37,SPEAKER_UNKNOWN,ようになってるんです。 よっていう のがあって僕がとりあえず知って,0.454
48,00:04:44.540,00:04:49.300,284.54,289.3,4.76,SPEAKER_UNKNOWN,いただきたいのは2年前のChatGPTが流行り出したときと今では,0.47
49,00:04:49.300,00:05:02.160,289.3,302.16,12.86,SPEAKER_UNKNOWN,全く状況が変わってきてます。 って いうことです。 ねあとは僕が今,0.449
50,00:05:02.540,00:05:30.720,302.54,330.72,28.18,SPEAKER_UNKNOWN,ゴリゴリ開発を進めてるもの がありましてこれいろいろこの,0.44
51,00:05:30.720,00:05:35.199,330.72,335.2,4.48,SPEAKER_UNKNOWN,僕一切コード書いてないんです。 よここの内容とか,0.429
52,00:05:35.199,00:05:41.509,335.2,341.51,6.31,SPEAKER_UNKNOWN,よここの内容とか全部一切コード を書かずにさてこれで何ができる,0.464
53,00:05:41.509,00:06:01.379,341.51,361.38,19.87,SPEAKER_UNKNOWN,かというとこういうweb上で自分 で管理できる翻訳ツールっていう,0.442
54,00:06:01.379,00:06:14.750,361.38,374.75,13.37,SPEAKER_UNKNOWN,のを今作ってまして何がいいかな こういうテキストを翻訳実行,0.46
55,00:06:14.750,00:06:25.790,374.75,385.79,11.04,SPEAKER_UNKNOWN,させます。 こういうふうに表示 されます。 と,0.436
56,00:06:28.800,00:06:36.000,388.8,396.0,7.2,SPEAKER_UNKNOWN,これのすごいところはAPIっていう のがプラモっていうプラモ翻訳,0.41
57,00:06:36.000,00:06:42.379,396.0,402.38,6.38,SPEAKER_UNKNOWN,っていうAPIがあるんです。 けどそれ プラス与えられる情報っていう,0.462
58,00:06:42.379,00:06:47.360,402.38,407.36,4.98,SPEAKER_UNKNOWN,のがいろいろあって例えば用語 手を自分で登録したもの通り,0.438
59,00:06:47.360,00:06:52.160,407.36,412.16,4.8,SPEAKER_UNKNOWN,に翻訳をしてくれるだったり とか例えばゲーム翻訳だった,0.466
60,00:06:52.160,00:06:56.740,412.16,416.74,4.58,SPEAKER_UNKNOWN,らゲームの背景情報このゲーム はどういうシナリオでどういう,0.471
61,00:06:57.240,00:07:03.879,417.24,423.88,6.64,SPEAKER_UNKNOWN,キャラクターが登場します。 よっていう 情報を与えた上で翻訳をしてくれる,0.454
62,00:07:03.879,00:07:10.100,423.88,430.1,6.22,SPEAKER_UNKNOWN,ツールっていうのを今開発して まして2、3年前に登場した,0.434
63,00:07:10.100,00:07:14.680,430.1,434.68,4.58,SPEAKER_UNKNOWN,ディープエルとは状況が全く 変わってるっていうのが現状,0.455
64,00:07:14.680,00:07:26.459,434.68,446.46,11.78,SPEAKER_UNKNOWN,です。 ねこれはすごいです。 よ特に ゲームの翻訳する時って結構考え,0.457
65,00:07:26.459,00:07:33.139,446.46,453.14,6.68,SPEAKER_UNKNOWN,なきゃいけないことあるじゃない です。 かこれがゲームのテキスト,0.449
66,00:07:33.139,00:07:37.420,453.14,457.42,4.28,SPEAKER_UNKNOWN,なんだよっていうことをちゃんと 理解して上でこの子は翻訳して,0.48
67,00:07:37.420,00:07:47.600,457.42,467.6,10.18,SPEAKER_UNKNOWN,くれるんです。 よ例えば基本的には あんまりこういう形式でデータ,0.455
68,00:07:47.600,00:07:52.259,467.6,472.26,4.66,SPEAKER_UNKNOWN,もらうことってないと思うんです。 けれどゲームの実際のテキスト,0.445
69,00:07:52.259,00:07:56.540,472.26,476.54,4.28,SPEAKER_UNKNOWN,っていうのはこういうふうに 作られてます。 これを翻訳する,0.462
70,00:07:56.540,00:08:13.399,476.54,493.4,16.86,SPEAKER_UNKNOWN,これです。 ねここの翻訳していけないゲームのテキスト,0.413
71,00:08:14.519,00:08:19.959,494.52,499.96,5.44,SPEAKER_UNKNOWN,構造的に翻訳していけないところ は避けてその他を翻訳してくれる,0.446
72,00:08:19.959,00:08:24.810,499.96,504.81,4.85,SPEAKER_UNKNOWN,っていうものになってるんです。 よ これをカスタマイズしていくと,0.466
73,00:08:24.810,00:08:29.759,504.81,509.76,4.95,SPEAKER_UNKNOWN,さらに背景情報とか単語帳とか 入れて翻訳してくれるっていう,0.487
74,00:08:29.759,00:08:36.519,509.76,516.52,6.76,SPEAKER_UNKNOWN,のが今の現状です。 ねお松岡さん こんばんは今です。 ね僕が普段,0.42
75,00:08:36.519,00:08:42.840,516.52,522.84,6.32,SPEAKER_UNKNOWN,使ってる生成AIのツールだったり 今僕が生成AIの力を使って開発,0.462
76,00:08:42.840,00:08:50.519,522.84,530.52,7.68,SPEAKER_UNKNOWN,してるツールとかっていうのを ご紹介しています。 でです。 ねこう,0.427
77,00:08:50.519,00:08:55.919,530.52,535.92,5.4,SPEAKER_UNKNOWN,いうツールが世の中に登場しちゃ ってていろんな会社が多分開発,0.464
78,00:08:55.919,00:09:01.120,535.92,541.12,5.2,SPEAKER_UNKNOWN,を進めてる段階なんです。 よなので これから起こる未来としては,0.448
79,00:09:01.120,00:09:05.039,541.12,545.04,3.92,SPEAKER_UNKNOWN,外部にフリーランスに委託 する量っていうのは多分減って,0.466
80,00:09:05.659,00:09:12.740,545.66,552.74,7.08,SPEAKER_UNKNOWN,思ってるんです。 よなんでかっていう と生成AIって最近どんどん翻訳,0.354
81,00:09:12.740,00:09:16.500,552.74,556.5,3.76,SPEAKER_UNKNOWN,の質が上がってるししかもこれが 発展当時なんでこれからどんどん,0.461
82,00:09:16.500,00:09:23.639,556.5,563.64,7.14,SPEAKER_UNKNOWN,成長していきます。 ってなるとやっぱり 人間だと1日に2000とか3000とか,0.467
83,00:09:23.639,00:09:28.059,563.64,568.06,4.42,SPEAKER_UNKNOWN,多くても4000ワードぐらいだった のを1日でうん10万とかうん,0.425
84,00:09:28.059,00:09:32.860,568.06,572.86,4.8,SPEAKER_UNKNOWN,100万っていうテキストを翻訳 できちゃう背景情報も投げて,0.46
85,00:09:32.860,00:09:37.080,572.86,577.08,4.22,SPEAKER_UNKNOWN,今まで人間しかわからなかった ことがAIでできちゃうっていう,0.435
86,00:09:37.080,00:09:42.889,577.08,582.89,5.81,SPEAKER_UNKNOWN,世の中に今なりつつあるんです。 よ ねさあこれにどう対処していく,0.458
87,00:09:42.889,00:09:49.480,582.89,589.48,6.59,SPEAKER_UNKNOWN,かっていうところが一番危惧 してるところです。 ね私じゃあ,0.381
88,00:09:49.480,00:09:50.980,589.48,590.98,1.5,SPEAKER_UNKNOWN,一体どうすればいいんでしょうか,0.456
